92.0917
74.27
82.245
82.8118
90.4557
66.6979
88.4665
81.0685
48.662
83.6456
80.6212
83.1413
95.9298
79.9914
86.8242
85.2355
93.983
87.2494
91.3193
96.3159
76.3855
88.8511
88.1466
83.9387
89.1022
93.3373
94.7342
94.8837
84.945
76.1104
80.0928
93.9022
96.0741
93.9126
84.6645
83.4816
100.696
106.076
100.141
92.0153
95.46
94.8449
103.184
96.1997
69.8328
89.027
98.4209
104.107
93.1557
95.8585
101.714
100.331
105.409
100.981
96.0278
100.275
99.2233
105.245
103.164
98.1388
75.4813
87.5604
86.3195
89.6437
100.224
96.3507
83.7121
95.1768
77.4061
94.5374
103.034
103.394
94.6133
93.0102
93.6703
84.6049
98.6119
101.307
104.34
89.0062
97.1001
94.5985
82.2483
69.5261
102.27
103.88
100.141
106.537
93.3542
90.8775
109.089
101.51
104.801
98.2495
104.688
87.2157
105.558
106.235
89.9011
105.17
106.438
99.5492
98.1026
104.271
86.1699
108.667
103.42
105.071
113.631
111.001
85.1206
104.404
103.76
86.7727
99.0629
93.7458
104.4
107.247
102.983
108.345
113.938
116.103
106.064
94.2611
92.9737
68.4991
114.03
113.654
102.444
109.551
113.668
110.671
90.397
92.285
104.432
111.002
114.971
111.837
110.104
115.209
108.386
104.049
100.141
106.766
103.685
111.244
103.829
109.706
107.941
110.001
100.102
102.244
105.735
76.7162
104.972
108.867
94.0001
106.304
110.767
116.762
114.531
109.595
111.019
108.468
100.476
96.6784
90.2052
110.168
105.044
112.568
96.9855
89.5017
106.994
85.8279
90.4185
109.021
108.514
108.055
112.191
98.7742
109.986
114.047
105.725
95.8151
98.2099
86.9771
94.8506
107.859
87.1915
110.388
110.74
114.22
114.332
111.153
104.185
101.669
103.762
110.174
113.5
116.462
110.888
102.796
106.578
98.689
97.0943
101.086
108.755
103.908
102.81
97.4019
107.034
86.0796
109.243
110.942
81.5374
107.87
110.35
106.128
100.89
111.273
112.738
94.0933
103.626
101.011
101.554
113.496
105.402
112.385
100.387
110.861
104.17
68.707
111.677
112.909
112.948
102.441
91.0958
59.0955
106.24
119.897
123.412
119.429
110.094
107.567
114.693
107.453
113.389
116.232
106.421
87.1928
100.187
107.106
105.501
113.478
109.406
113.063

82.9233
73.4857
75.936
81.8307
67.2929
79.8832
83.1503
86.261
63.9652
79.6357
85.1954
90.0837
90.3801
94.3501
94.4028
95.5035
90.6456
69.1464
82.4739
87.4815
86.7602
79.3427
89.1341
89.4865
97.1732
104.753
99.6719
92.6801
92.8436
81.2115
88.5846
103.348
102.594
74.9034
96.8146
97.3129
89.1768
84.4813
96.9441
91.9717
84.4975
90.628
77.5463
96.1828
81.3601
62.6523
93.1621
96.8361
105.61
85.5964
105.93
110.194
104.793
102.815
108.175
97.6659
79.2797
96.5609
103.552
107.537
108.424
104.562
103.506
84.668
91.0111
98.2478
86.2125
104.05
105.176
101.284
70.9503
106.114
112.66
110.258
103.726
99.4211
63.6357
96.4603
107.011
108.446
110.194
111.183
107.201
104.014
89.6887
96.9394
98.5946
106.149
102.59
105.607
100.415
102.23
89.852
101.307
103.602
72.5579
93.847
93.3594
103.312
94.5069
92.0294
99.4023
92.4642
101.664
106.974
106.442
99.0851
96.8063
91.8379
100.223
109.425
107.067
105
109.444
111.131
72.3504
109.456
92.8299
95.6494
96.1799
104.99
80.7929
111.051
108.364
94.492
92.9047
94.6261
109.24
110.249
111.378
103.236
109.095
113.402
108.115
106.853
115.792
117.904
118.263
114.881
112.817
94.644
109.372
110.491
111.557
106.583
97.0541
90.6568
110.016
117.285
118.375
111.595
96.5974
99.7883
105.07
106.524
107.1
102.982
117.17
113.914
107.263
102.04
111.588
110.976
115.897
115.356
102.996
100.067
103.137
120.085
117.545
101.263
105.085
109.841
110.433
95.891
109.002
113.022
117.726
112.673
105.362
102.749
110.889
114.734
105.637
101.443
113.239
120.278
117.672
104.079
109.885
107.093
113.208
116.543
112.191
107.442
101.123
98.3811
99.3953
111.213
108.398
111.398
110.424
112.519
109.357
105.052
109.046
102.856
102.603
94.7649
95.0047
98.2129
98.1908
94.6827
100.133
105.621
110.094
115.034
109.404
109.711
110.923
107.128
112.074
108.185
111.661
110.867
94.9099
100.484
112.545
116.348
111.613
113.584
117.16
106.171
108.81
99.7849
114.028
103.544
112.038
97.9434
111.23
112.73
107.11
110.277
84.9659
102.577
114.625
109.677
108.85
70.6595
111.624
116.699
118.633
113.82
81.9164
96.1771
106.557

86.1568
75.893
81.3814
85.2685
78.2429
71.8347
50.8098
85.9032
84.0379
73.4684
69.2513
65.4474
87.0029
86.4592
89.5317
94.1354
83.3071
78.814
83.7108
89.9791
87.0857
92.3993
96.2909
91.6361
92.4671
94.5354
96.767
97.2887
93.1996
95.6562
90.5448
100.474
100.754
98.0402
103.742
100.206
88.6574
92.183
76.3453
97.1342
89.2454
86.1499
100.252
97.9533
91.6854
89.2274
95.2582
67.5955
99.8344
107.509
82.4302
102.415
103.509
101.617
97.3053
98.9413
99.5638
91.965
86.8105
106.364
104.497
102.229
98.3328
97.8456
98.9912
96.9769
83.2725
89.8425
83.8028
104.828
112.958
111.78
103.825
87.8028
101.642
103.159
110.733
103.329
97.681
96.5992
103.313
106.391
103.275
95.8746
96.3014
101.212
104.055
110.232
108.076
107.982
103.11
87.3588
92.2397
102.368
79.5367
103.012
109.542
105.106
84.8812
95.8909
88.135
96.1861
102.361
108.43
107.299
96.487
95.9264
89.3286
106.657
95.2218
107.368
110.676
93.4586
110.324
111.641
107.266
87.5625
107.72
102.32
106.882
108.361
98.7311
106.114
102.272
109.28
94.3645
100.317
98.3008
101.218
109.362
112.929
108.296
108.929
111.54
106.201
108.264
102.736
106.018
111.23
113.089
106.867
106.24
89.376
114.055
116.64
112.225
106.907
93.767
96.4139
102.916
102.939
104.601
97.2283
114.009
111.971
85.6597
93.4828
89.7917
107.875
114.363
110.533
109.391
110.7
105.65
110.837
103.872
111.757
112.813
107.416
99.3046
102.407
66.6237
107.962
108.905
71.1824
104.099
108.911
114.152
106.703
108.552
112.597
84.5128
106.784
104.678
85.4708
114.658
112.683
102.88
110.406
108.498
109.678
115.915
101.406
114.111
111.922
112.317
91.8533
105.221
93.363
98.5739
105.849
106.916
113.877
112.763
102.639
98.6501
104.756
102.178
101.669
112.9
113.662
112.095
102.445
106.25
112.026
105.145
112.456
113.758
102.275
112.076
116.197
110.576
107.103
95.1811
99.8257
85.2508
102.357
94.537
103.385
104.77
106.863
105.778
113.895
117.22
118.037
104.554
114.561
114.354
116.678
114.107
96.9871
82.4109
105.595
113.266
111.976
97.9281
99.7563
113.646
118.84
115.632
105.788
116.001
108.599
104.152
111.264
100.77

44.8759
76.6288
87.2415
83.6255
86.0099
52.0334
81.1114
81.4341
63.2803
80.6509
91.4493
91.3522
89.9395
66.2458
87.7258
73.2676
86.5341
85.8949
78.6148
81.4102
95.4057
94.2473
86.6439
68.6395
91.109
94.7439
89.9765
84.4785
71.9265
83.1172
81.6474
94.0083
90.522
90.6413
92.8393
101.135
99.5901
100.414
78.5985
85.5703
99.7009
71.4996
97.2769
92.8346
90.9208
106.158
104.183
94.667
108.218
107.172
92.7789
96.9138
104.523
103.458
107.446
108.248
93.5741
82.5887
91.3548
89.6378
100.423
98.8063
94.7373
104.139
82.6262
88.5983
93.6193
108.676
100.844
111.157
109.631
92.0939
102.638
103.427
101.263
102.639
94.1102
102.617
106.75
102.58
98.3695
100.716
95.8602
106.73
109.697
109.992
99.2322
102.772
108.28
99.4552
96.7874
107.311
105.091
102.114
93.7292
105.382
109.818
108.791
87.7869
102.951
111.401
111.023
103.923
106.043
108.79
96.3092
107.184
107.756
97.1739
102.922
103.132
113.965
106.701
105.154
95.8667
106.8
107.76
107.617
95.3259
77.4253
109.422
113.66
111.366
96.9132
95.9561
94.5751
108.924
114.777
111.244
111.573
110.35
100.751
95.669
109.205
90.6509
103.78
101.138
110.458
106.272
111.816
115.34
108.783
100.389
103.058
108.398
107.245
109.472
113.029
112.757
109.568
110.392
113.485
99.2794
111.279
112.522
102.651
89.0726
104.287
102.352
81.2309
84.3959
78.7565
89.341
111.918
102.997
107.992
110.981
99.9943
102.813
95.7039
98.9746
102.642
100.752
86.5811
79.6148
105.407
116.181
117.776
100.159
100.784
113.688
110.955
112.725
117.596
116.649
113.569
95.8884
111.421
113.236
102.938
100.342
86.5683
100.728
70.6383
82.7698
84.5074
107.751
107.808
107.157
110.924
115.284
113.108
103.375
94.4431
99.1911
112.445
103.356
118.604
115.93
110.752
97.8138
102.549
110.68
114.006
114.581
118.163
115.274
108.066
114.851
113.885
109.179
92.2753
110.699
116.915
103.193
110.053
95.8196
85.2998
101.8
93.8247
101.201
105.891
100.327
114.195
112.533
95.2875
107.949
113.12
111.062
93.0123
112.135
119.242
119.133
108.635
98.5178
79.1674
106.76
67.7322
72.59
111.888
111.471
109.6
104.839
97.5316
113.182
111.865

79.8711
66.3227
77.8287
83.7084
87.6983
91.6617
82.9574
81.1515
61.085
81.7434
89.2599
87.6156
84.0108
69.9876
90.8039
79.5266
81.9815
87.215
93.7593
88.2234
70.1082
93.3798
87.6308
95.2347
96.9969
86.4304
97.296
79.2613
102.034
101.755
77.5117
87.5679
98.0965
98.037
85.9773
88.2831
102.076
96.0576
90.4994
95.6568
96.2958
81.0026
98.6225
53.2673
107.401
104.941
102.088
104.273
102.232
85.9737
95.0959
96.4516
83.3183
97.5491
104.407
105.079
95.0256
96.6162
103.954
105.81
85.4337
93.8743
97.6521
107.985
106.061
98.3794
104.061
107.661
106.178
109.274
112.166
97.5407
97.9036
99.968
100.018
99.0607
99.7353
101.874
86.8881
103.373
99.4606
105.091
108.288
100.191
78.4259
102.231
106.254
103.764
103.981
81.1153
94.1799
104.469
108.945
109.719
98.1952
91.2692
76.712
108.514
111.567
111.851
109.417
109.281
113.035
108.222
93.5007
106.648
101.363
101.202
99.3603
106.954
106.565
100.171
91.2421
96.7796
93.5387
106.531
110.802
115.519
115.469
113.993
108.867
89.8308
111.706
113.178
100.044
107.504
111.23
107.21
99.8169
108.816
113.834
113.508
102.162
90.2439
112.693
111.129
103.496
97.8093
111.287
91.0635
112.843
105.194
105.447
88.2986
106.887
111.856
113.971
113.557
112.945
100.792
108.391
102.754
105.647
109.207
93.1876
113.928
81.9435
109.534
109.69
101.285
94.7947
100.019
103.806
106.549
110.19
116.681
113.673
113.555
101.172
103.604
110.574
112.934
112.608
112.71
107.921
105.205
108.519
99.5979
107.576
98.6114
102.908
104.2
95.477
84.2043
97.7788
84.007
87.8046
98.6434
110.423
114.576
112.452
115.227
113.379
100.453
93.5081
110.128
107.196
110.977
92.9745
110.605
109.639
102.549
104.608
99.688
97.5416
87.4447
111.695
84.8738
92.3899
100.219
107.879
98.8033
114.534
103.547
116.972
116.529
107.448
93.8797
113.263
107.545
98.0917
105.558
107.656
108.358
91.8655
111.068
114.603
109.565
110.23
92.8144
90.3486
116.582
116.763
95.9736
112.823
108.285
103.269
103.615
114.666
116.542
114.202
112.183
76.8768
97.9687
113.616
113.612
102.091
114.409
114.475
109.268
102.705
105.38
110.391
47.9661
101.178
105.651

92.6366
87.6329
80.1657
80.1326
82.5234
73.1515
78.3398
73.8717
88.7214
83.7265
78.963
76.7497
75.8729
57.1961
63.6582
84.244
72.433
78.1994
82.5494
85.7082
59.1023
86.2363
87.5811
82.7308
94.0403
89.2348
83.6397
96.1141
94.5788
91.1319
99.1662
97.5241
82.7473
88.8563
78.6679
98.7077
102.828
99.1978
93.9007
84.4402
84.0805
99.8401
107.455
105.489
96.036
96.7891
101.879
87.8261
87.5032
95.4211
96.2193
96.804
102.82
93.5947
98.9095
99.3509
95.6802
91.3701
93.3556
97.949
102.61
102.743
97.1642
101.053
86.8172
104.326
98.9921
105.814
109.366
97.9919
96.106
105.238
81.1343
100.289
71.9069
108.834
112.324
98.5446
110.413
104.577
104.479
104.76
90.9694
90.6945
67.2169
102.657
108.288
112.809
108.314
100.528
105.142
110.106
109.587
105.429
108.455
105.463
111.992
110.918
94.5014
88.4698
107.673
102.283
100.301
111.22
109.114
100.951
99.7364
79.883
104.447
102.147
104.928
109.063
105.603
93.0098
89.7825
101.276
102.269
105.384
107.427
88.8704
114.285
106.188
93.6261
110.51
107.656
108.745
107.055
99.0525
106.514
104.281
80.7255
100.526
101.381
97.5353
107.972
108.286
80.0485
103.868
110.759
104.695
113.172
117.499
108.732
110.654
116.102
112.858
86.7066
104.446
107.313
96.7736
99.9511
96.067
105.388
110.565
104.986
110.58
115.62
112.301
113.257
108.573
101.303
110.721
115.463
113.187
100.164
96.9042
106.535
106.646
114.187
82.5115
93.7694
97.5878
99.0535
103.182
90.1892
90.8156
114.388
112.256
106.02
111.109
110.369
110.654
108.571
107.159
106.577
95.816
88.5379
103.607
98.402
102.208
109.9
115.797
114.775
106.123
113.739
92.6588
92.6936
111.495
103.13
110.229
116.606
107.886
99.8916
106.038
107.509
99.4054
97.4465
111.269
110.842
105.885
90.7352
108.309
112.176
105.992
99.8861
108.029
102.842
99.8007
103.727
86.8425
113.858
106.86
115.004
111.653
108.42
108.759
115.459
111.558
109.659
112.571
111.652
105.229
110.356
110.659
104.82
100.905
100.258
105.04
111.605
100.678
103.752
102.202
112.929
112.161
107.03
101.648
99.431
111.181
115.377
116.081
116.824
91.676
96.4018
117.21
116.265
103.767

89.5852
84.7497
75.4964
61.4169
44.3816
76.0721
84.5803
82.8595
63.9006
76.425
84.3255
91.6288
89.7975
57.3973
80.1991
85.9573
87.2634
94.5124
91.417
66.712
64.2625
92.6765
74.6284
94.2997
92.2449
95.4174
85.8567
94.4839
83.9898
93.5469
76.152
94.0682
88.825
90.7942
86.4622
83.6612
95.102
90.3129
102.151
90.0831
105.819
103.225
92.796
88.7579
95.4553
107.337
106.657
95.1061
94.4862
88.9362
103.773
104.891
98.6108
104.776
100.312
93.5836
96.578
85.6281
100.351
68.5689
103.89
99.8637
91.9804
100.3
89.4139
83.1115
106.755
105.697
97.3708
106.576
105.34
107.694
110.32
99.4937
104.928
102.711
85.8035
104.426
109.271
109.678
112.229
106.337
108.288
111.332
108.659
86.6254
95.7557
87.0055
100.719
87.3078
106.014
110.367
105.688
97.4634
100.703
97.9756
92.1157
108.235
111.423
110.088
98.4568
111.883
110.891
99.7311
100.627
63.91
104.284
104.998
106.402
106.219
99.6384
101.521
109.339
101.815
101.627
97.0344
109.856
100.96
106.757
109.55
113.985
107.269
115.193
118.317
111.774
96.8429
100.248
93.0771
104.175
110.697
95.5636
108.995
90.3231
94.1127
85.4873
78.3932
100.055
111.847
113.065
111.724
109.048
106.08
107.588
106.462
78.4468
110.343
105.749
102.948
110.693
110.847
92.055
101.211
103.573
106.778
106.012
103.381
108.857
115.783
109.084
101.449
110.976
110.332
114.231
117.769
119.089
112.117
105.979
101.578
91.2831
106.496
112.363
75.8785
99.9202
99.1337
103.635
114.401
94.3008
110.938
102.596
99.9492
110.309
113.899
87.1405
104.479
54.4675
109.212
114.072
107.93
106.072
112.451
114.337
105.929
111.004
112.949
103.546
105.83
114.558
114.021
108.3
93.071
99.6629
114.183
119.169
115.711
108.06
109.355
102.371
101.85
105.738
105.864
103.668
97.6257
106.144
105.574
106.525
113.889
115.326
114.148
105.596
96.6121
92.3902
108.137
112.879
110.38
115.804
107.21
106.763
101.737
104.205
104.141
109.445
115.244
110.422
94.168
93.2263
112.954
113.338
88.3347
95.9927
109.316
108.264
83.5732
108.282
107.366
105.082
101.365
118.955
120.303
115.363
115.418
118.64
111.814
109.823
116.308
115.962
105.661

87.6489
85.3334
78.1284
76.9475
82.1291
86.6664
92.8029
91.8392
92.8978
76.718
89.4049
92.9273
87.1554
95.2431
99.1059
81.9175
75.0504
84.8439
79.1355
63.9825
84.5144
79.7032
94.0083
92.38
85.7431
96.8597
99.6158
99.9741
83.4763
56.5295
87.9765
91.9172
87.2529
99.0399
106.349
95.6755
90.6575
94.5203
98.3531
97.1808
105.068
105.074
98.3759
70.8037
97.4395
101.195
91.9267
93.479
96.6377
103.928
91.2119
105.621
92.7942
94.5653
94.5311
86.2954
77.5651
101.19
101.031
104.034
106.599
107.117
106.589
100.295
100.393
106.791
102.97
78.6046
94.5426
99.8427
101.758
101.915
100.84
98.8539
92.4642
105.198
108.586
109.285
110.566
102.044
105.186
107.646
96.0741
101.336
104.658
85.3758
108.361
106.539
94.8131
77.1285
98.9746
105.268
97.6477
108.156
106.628
102.31
106.171
106.794
105.494
104.995
99.6301
105.294
102.414
108.996
105.494
93.9417
101.467
105.454
107.121
107.422
89.5574
109.685
103.521
83.8382
110.829
113.514
101.588
107.819
107.649
97.6833
107.393
107.442
101.466
79.2143
106.25
107.78
107.054
109.174
106.936
113.316
111.302
99.7993
102.021
96.843
97.9161
95.3572
99.7574
92.4429
102.825
108.672
113.589
105.69
110.677
111.457
107.731
111.415
91.6701
91.9815
115.036
116.573
108.425
101.721
97.8948
75.7682
105.968
101.071
103.181
102.743
109.184
109.93
91.5933
112.969
101.315
108.711
87.1566
107.957
111.158
108.669
106.182
103.524
113.891
108.983
108.005
112.09
110.879
107.86
113.805
101.89
103.633
94.6506
113.31
117.556
105.472
99.3846
107.908
98.4359
104.669
93.1554
109.452
111.745
113.26
114.248
115.737
112.923
107.869
114.679
103.441
98.6837
97.3556
111.1
105.446
112.439
103.861
104.056
107.4
110.479
117.175
118.359
110.074
91.3992
91.5412
101.231
95.7874
98.2702
110.43
105.366
89.9734
102.542
104.54
109.569
109.086
105.46
102.9
107.825
84.8443
107.761
107.903
113.9
110.228
115.059
120.316
118.035
115.376
96.807
92.7535
104.585
110.839
115.417
93.8262
99.6925
100.086
116.916
119.651
110.851
107.224
89.2001
94.1861
101.607
100.903
99.8287
111.382
96.6056
116.554
117.074
104.528
107.237

79.6017
76.8727
76.2163
81.6214
83.4381
62.6973
86.6587
87.3183
82.4442
81.3163
83.1462
80.2473
66.098
87.3731
65.9243
87.8945
89.6461
86.7333
74.9785
91.4681
70.731
98.2551
88.7525
91.6793
92.3549
99.3547
90.1523
99.4541
83.228
86.2442
78.3804
77.5045
97.4014
89.0484
88.2978
81.6799
100.752
100.475
102.095
104.129
95.8567
82.7967
99.0518
82.7309
94.2254
73.6626
98.0103
83.4035
86.1413
91.0614
104.695
104.754
90.0114
101.978
95.2719
99.9274
99.7064
98.4326
96.8867
88.8778
103.254
109.288
94.1356
97.5099
100.263
81.9984
103.955
105.3
93.4753
105.39
96.956
107.503
107.555
104.662
107.569
106.588
108.635
102.86
86.0909
95.8202
109.54
106.349
90.2624
105.603
105.977
100.256
88.8298
97.3755
102.041
108.016
102.885
98.3735
106.284
100.48
103.981
103.859
101.534
100.164
79.4693
107.757
108.152
104.135
99.6197
100.78
99.1285
109.465
105.96
102.597
102.542
104.075
101.697
104.215
109.302
98.4734
87.3623
91.6123
107.546
106.963
97.7674
93.6158
108.487
115.781
112.639
103.23
91.0404
104.981
94.3369
104.396
96.3201
107.694
97.8549
96.3394
94.7345
102.695
105.705
87.8467
85.9567
93.3963
103.257
94.9218
113.143
107.222
99.7753
106.564
104.804
107.873
111.181
109.841
113.318
110.432
110.556
114.762
113.828
111.505
113.631
114.293
74.9053
113.763
107.557
111.532
116.91
114.707
107.61
98.742
102.941
98.3199
99.6724
102.277
109.048
88.6165
104.929
109.025
107.904
92.7375
95.3395
109.033
112.744
100.298
110.304
82.6473
95.6129
99.038
105.031
101.935
104.76
98.0399
103.712
104.245
108.464
114.417
107.07
115.862
117.809
118.691
114.513
88.5737
108.063
109.937
110.884
104.653
108.375
95.3587
100.28
105.074
108.88
112.817
101.958
117.178
92.8447
106.79
85.8642
103.254
104.565
108.222
107.846
115.96
103.54
110.112
96.846
111.456
116.864
116.989
114.538
84.8258
115.175
107.214
98.333
93.8073
101.78
104.442
108.374
109.086
114.426
93.4254
113.21
113.081
96.0236
91.9777
110.305
82.5427
108.767
99.3314
107.136
111.737
106.494
105.307
103.69
113.994
108.002
103.707
91.5675
108.342
116.901
115.116
76.2858
111.214

74.4463
81.4474
85.0599
75.8089
74.4383
84.3021
85.6169
71.9699
76.6128
77.4744
83.6551
81.3355
86.8384
86.5281
87.7325
82.324
71.5516
86.1785
89.2912
79.3136
92.6465
93.4004
94.4299
84.9517
92.2532
98.9111
99.2587
91.3133
100.704
99.8298
81.4788
83.5273
100.373
95.9158
82.7719
88.9931
79.0319
89.6331
92.9108
73.561
90.0188
82.9218
93.1201
99.3179
96.3328
103.176
99.5042
84.8516
100.532
106.257
91.6893
106.931
108.718
96.7998
97.2086
100.66
94.2432
106.003
104.598
97.8349
100.552
67.2619
102.515
99.8406
85.0698
107.277
105.064
93.12
97.2151
98.9598
94.9787
101.167
99.2019
103.207
104.681
103.959
80.8907
89.2643
96.4021
96.3573
96.4849
104.498
104.802
104.021
99.1847
109.941
108.462
100.849
109.57
108.452
75.8922
82.7898
107.666
113.279
104.449
89.6708
108.593
109.676
98.7243
97.5413
109.934
110.513
96.4192
109.926
103.044
105.074
103.178
110.422
110.793
90.6725
92.849
104.965
106.592
101.002
101.223
93.9079
92.1857
94.7903
101.801
114.943
112.081
107.578
111.341
106.253
113.592
109.58
102.353
109.142
115.785
112.119
87.9816
92.6971
78.2526
100.299
103.851
103.221
107.766
87.7399
109.304
94.0671
109.553
115.013
112.805
112.861
106.767
102.663
114.386
114.878
102.993
88.1696
69.2576
92.4903
108.207
107.863
102.803
107
90.3286
98.5775
104.595
101.817
56.9338
84.3563
102.351
106.44
100.119
107.753
113.532
106.814
107.548
105.076
78.5908
116.696
114.004
95.8479
107.772
112.811
115.542
115.342
108.013
106.164
111.209
99.91
90.8017
105.221
86.4349
111.842
108.661
104.977
111.305
110.532
104.519
114.028
109.731
95.4062
110.106
119.353
118.076
102.919
102.112
112.204
116.018
116.788
117.209
116.839
115.383
105.058
104.36
97.6583
71.9475
108.594
114.119
110.227
93.9074
108.884
116.284
112.317
109.396
100.724
104.673
98.1337
105.391
115.32
115.463
113.042
103.453
92.2763
106.984
110.746
104.662
109.637
115.439
105.606
91.7875
110.919
118.056
110.512
102.153
109.924
119.535
114.865
103.342
103.183
101.665
113.754
115.597
103.907
106.692
115.622
116.861
111.528
84.7243
103.593
86.1871
93.6691
112.357
112.678

81.5744
78.3706
83.6699
86.9022
81.8945
83.8342
73.4718
75.2995
78.883
85.8944
83.3221
87.7581
83.0554
67.6689
85.7991
90.3964
95.0111
95.6474
95.1595
88.5241
87.6867
88.6765
84.3843
60.8451
90.1434
78.8809
88.0791
97.7084
97.6807
87.9439
96.4684
101.04
98.3741
85.7455
97.855
101.751
87.5252
98.2676
68.0845
100.997
103.435
81.9514
80.5917
96.1417
96.4952
102.556
106.423
103.722
76.3113
99.4508
91.4423
100.136
82.9353
81.9342
102.073
103.496
105.765
100.437
102.988
90.4943
101.663
97.6111
65.3378
75.8497
96.6023
103.312
103.532
96.6038
102.552
110.856
112.047
101.84
110.759
95.5939
99.607
105.82
108.449
108.297
101.025
100.063
103.641
101.883
107.821
111.948
102.254
94.8174
105.627
108.814
110.408
111.805
109.916
101.945
106.197
95.8543
97.9355
84.4828
101.453
105.268
108.634
107.819
90.0898
108.279
113.315
106.359
91.6465
103.095
99.8007
100.394
99.1059
111.44
108.032
89.2368
90.9903
93.1244
69.0339
94.6559
103.45
105.923
84.1911
100.16
107.638
101.537
100.418
109.957
110.767
103.337
96.5604
111.132
115.327
98.5054
101.396
82.9903
92.965
94.806
86.3341
102.932
104.861
93.3651
100.52
106.394
107.135
109.835
105.214
103.565
104.486
108.106
87.6642
91.1302
98.041
92.3487
69.5386
100.503
105.468
94.7356
94.539
87.53
103.561
96.7822
90.4855
104.015
75.664
83.319
109.235
111.182
103.798
108.185
84.3877
106.523
117.004
117.725
107.881
87.3083
105.989
94.6629
105.296
107.558
115.764
115.379
107.895
97.0534
108.962
107.395
114.054
117.774
110.602
99.3025
96.3324
95.331
103.469
114.923
115.554
103.103
88.0497
77.6212
101.812
113.568
109.132
113.934
116.458
109.758
101.425
105.749
112.506
105.543
98.6823
109.946
113.575
102.38
111.239
88.7453
108.229
115.063
101.818
104.034
98.0046
108.828
117.126
105.621
97.2474
104.908
99.8785
105.342
115.38
105.779
94.3964
104.631
114.516
115.182
109.258
113.967
119.173
114.587
111.912
101.913
108.597
82.7469
106.853
103.832
74.437
111.77
112.782
96.0336
101.49
113.278
115.035
110.667
70.3559
100.933
102.939
111.96
107.93
63.3711
101.974
100.857
111.839
117.133

89.4696
83.8465
85.5032
82.5926
86.6931
83.7946
63.2938
89.2266
77.3849
79.0454
64.0906
90.7492
87.9324
93.2333
95.6157
96.5974
91.0195
91.7178
94.9915
97.3262
92.7034
66.2914
89.0209
92.7779
98.7643
81.2057
89.2159
96.9627
100.795
96.0688
78.4547
86.2499
86.8944
98.6226
99.5162
103.291
91.0381
104.021
100.294
86.0505
98.4149
93.5822
103.416
92.6465
98.3144
101.458
105.639
103.244
95.2921
66.0708
102.322
92.7637
101.877
106.714
98.405
70.5664
101.392
98.3934
100.489
94.4422
99.1248
105.2
102.589
96.5867
99.643
105.732
99.9052
87.0898
97.1502
88.5712
103.06
110.902
110.938
101.336
100.481
106.02
100.241
102.538
105.174
98.0685
94.3536
73.3868
105.218
111.028
103.826
95.0986
101.868
91.7027
106.667
106.544
108.326
108.449
85.1141
107.474
94.4718
95.2231
91.0523
82.8731
100.054
98.4804
94.6674
70.8527
69.3741
105.754
85.8646
102.179
87.7576
106.804
93.0197
96.2279
111.343
110.645
106.464
74.6216
113.895
113.26
97.7898
111.695
110.991
94.6592
72.9291
97.3394
100.188
109.413
113.089
108.739
104.399
110.872
109.169
112.142
108.617
111.169
115.669
111.36
95.7751
104.681
101.352
96.1121
89.3083
59.6325
97.5454
91.8144
86.7311
99.8369
110.161
112.144
113.634
97.2642
110.014
104.647
88.978
101.258
104.612
112.509
112.315
96.7207
91.7551
109.642
104.38
107.459
108.007
111.663
106.236
105.499
66.6458
102.926
108.561
92.8401
114.698
99.2793
107.026
78.283
108.917
97.7316
59.3513
95.0195
99.7108
108.178
106.028
111.072
90.9502
111.924
111.719
116.025
102.776
110.884
106.159
100.479
107.451
112.976
112.517
86.2051
108.486
103.657
105.48
102.995
92.8343
97.4785
110.316
58.5196
113.236
113.398
111.971
93.7962
105.716
107.737
109.146
90.981
109.513
107.879
98.1294
118.496
116.002
88.7872
96.3117
98.2474
113.444
114.122
111.755
98.0048
103.574
82.1135
92.4703
46.6753
103.599
104.989
106.958
108.847
108.677
78.8828
110.898
91.9245
105.071
106.975
107.81
92.8647
108.177
113.17
96.5178
96.9575
116.296
115.685
100.149
100.803
103.764
90.0208
107.076
111.675
110.414
107.061
119.979
119.602
110.685
103.904
99.6321
109.618

87.9231
87.2448
83.0485
84.4369
60.7988
87.0956
81.3745
74.9382
86.3879
87.5656
94.1206
73.7525
67.7139
92.4801
86.2607
86.2931
93.445
88.4135
61.6727
92.0402
87.8159
52.5024
96.0638
94.469
90.2064
99.2426
55.1895
99.9326
97.1851
92.7229
91.2952
79.315
104.598
101.344
88.2341
93.9006
99.5053
106.034
77.7671
99.9182
95.2211
103.998
109.453
109.235
88.8161
105.294
88.6198
97.8906
105.823
96.1676
95.1832
103.102
96.3894
88.7753
92.7559
86.4126
100.176
101.451
93.6928
96.7162
99.0801
102.987
106.866
105.272
104.854
107.3
102.061
81.8594
97.1917
103.232
107.697
94.2531
105.721
102.305
98.564
106.143
100.439
102.483
105.416
99.4282
99.3191
104.569
98.8064
75.1029
108.714
109.526
93.0634
108.316
110.332
94.9431
97.8319
104.088
103.629
102.067
109.652
105.852
100.709
108.928
105.499
96.6582
81.6268
87.017
99.7078
105.058
112.967
106.749
105.036
95.738
94.4921
104.122
109.375
107.652
92.3012
83.406
74.468
102.272
106.529
103.855
93.8184
73.4938
88.6015
94.5447
85.6669
103.386
100.674
104.111
104.346
74.1665
109.976
114.569
98.072
109.582
105.323
90.4769
96.3016
105.33
105.288
96.301
80.8458
101.843
106.985
109.646
111.233
112.357
95.1039
96.7764
101.38
97.5918
97.7622
89.285
99.8458
109.441
70.3791
93.9403
100.467
113.189
113.541
104.335
87.1449
106.634
105.076
107.032
106.599
112.759
116.226
103.847
99.9211
85.6995
103.479
99.5062
103.912
88.867
114.271
116.443
114.565
107.209
108.287
109.323
100.126
85.6672
107.534
88.688
106.43
109.898
113.059
107.022
101.763
102.056
111.876
100.441
98.4252
105.072
90.1643
106.49
112.236
113.944
116.231
111.304
93.8801
96.877
107.431
111.262
111.969
113.696
117.786
119.279
118.878
115.375
108.552
87.1015
103.491
103.436
109.023
111.501
106.834
99.6759
91.1763
111.484
117.356
115.102
108.04
95.8168
111.07
110.031
110.025
102.942
111.077
112.335
114.216
113.945
90.5756
104.728
96.0925
105.21
86.2189
91.6092
90.9193
108.305
92.4252
106.724
110.991
110.774
116.105
114.886
119.436
117.12
96.4371
106.288
109.489
106.81
111.752
74.2509
79.5243
101.744
106.98
110.553

86.0151
80.9393
81.0221
40.3361
57.9669
81.4418
51.1416
77.0304
89.3431
90.0844
84.8975
78.6759
80.6541
55.5255
89.6124
76.4439
79.3617
66.7079
83.2673
85.4462
79.1611
91.4034
91.0066
74.6679
93.0169
94.4285
91.4626
92.0457
85.4981
86.5885
88.4187
100.134
98.6976
90.0216
88.9666
84.2768
97.6227
87.0344
102.654
103.461
93.636
95.1422
100.951
93.3624
100.126
107.622
108.867
100.934
80.4379
70.192
81.2692
87.858
101.992
98.4828
101.821
73.2982
105.19
97.845
94.223
76.486
84.481
101.167
86.2331
81.4146
86.1351
105.556
109.338
103.97
92.5014
104.705
109.529
106.328
96.3291
105.373
109.201
98.9363
93.0865
96.4039
103.838
104.337
100.678
106.147
107.236
105.256
100.25
110.857
109.657
98.4522
105.214
112.603
113.062
108.524
102.297
106.677
89.8101
98.5575
96.2729
101.013
102.413
110.013
106.32
109.406
114.607
109.869
107.939
113.46
107.687
100.199
80.3345
97.1617
96.4443
98.2829
111.928
114.539
112.746
100.835
73.9487
102.85
56.744
93.824
103.865
106.876
115.902
117.766
117.879
105.044
107.436
82.7336
108.704
102.762
103.805
109.265
71.1728
100.867
104.857
87.9343
111.953
111.124
105.308
106.595
78.3639
108.227
106.888
111.461
116.052
113.432
93.8032
82.9221
104.654
87.6321
97.5305
92.301
83.3941
95.3164
68.7051
97.8122
102.925
96.3152
102.284
104.891
109.291
106.583
106.57
97.4258
101.053
113.046
113.34
111.143
106.085
102.021
106.332
118.28
111.081
109.696
109.44
90.4349
102.409
110.433
109.61
110.369
88.4672
86.4076
107.145
108.968
104.444
106.653
86.356
111.723
117.499
111.811
97.2882
103.782
116.325
111.296
107.981
108.042
115.262
111.694
92.7286
99.5616
100.494
109.459
73.5508
90.2766
106.334
112.054
111.558
87.8499
81.2179
98.4055
100.391
103.117
92.199
101.812
92.5095
110.469
110.454
100.445
99.1116
113.707
108.141
110.194
110.718
110.682
115.296
111.787
111.096
103.385
108.029
45.8008
91.679
109.838
86.573
111.277
102.989
108.842
104.403
99.3354
109.469
106.076
101.489
112.291
115.341
103.812
111.051
115.564
114.062
107.187
101.205
113.813
114.47
109.936
112.89
114.277
88.8755
87.0748

89.6431
78.5392
80.0271
58.5832
78.3983
74.3624
84.8837
75.1306
87.8244
89.379
83.1307
79.8968
86.8356
83.3912
88.3615
82.0885
87.6955
98.492
100.439
46.8699
88.5434
87.7944
95.3127
99.5936
86.4885
93.7919
95.7312
79.0495
91.5003
96.0704
99.3127
104.472
105.47
107.116
105.972
103.051
96.6879
75.1403
94.8501
81.1936
97.9339
105.533
105.554
101.228
102.937
78.7673
103.779
101.751
81.0522
87.8792
94.8617
102.24
97.3363
74.3362
72.4968
72.1667
84.6279
94.1615
96.302
96.1927
95.0499
109.25
108.753
97.4522
107.515
108.912
105.077
82.1411
109.465
111.945
106.62
103.573
99.6789
95.6388
83.712
93.6142
104.949
91.7074
102.969
102.462
89.645
93.2569
98.4639
90.9503
104.92
113.487
107.069
102.759
107.167
100.731
94.0496
103.154
97.1853
87.6668
101.597
96.1511
103.584
102.389
101.539
112.909
110.907
94.0965
103.427
97.6875
105.357
105.404
109.656
117.264
115.014
108.912
105.882
109.503
111.572
111.05
86.4894
104.427
105.206
86.5195
99.82
95.9241
110.8
117.628
115.085
106.775
114.1
106.64
109.021
111.521
107.137
98.9927
100.053
97.6369
99.4473
100.769
103.285
97.3345
102.645
103.018
93.9236
109.505
113.32
101.207
98.6
96.4211
105.363
98.4537
89.4928
105.361
101.991
88.3856
114.983
120.306
115.44
103.265
83.4454
91.6356
111.684
111.987
111.932
116.565
115.012
103.986
92.7677
109.113
109.528
115.455
116.744
94.8768
99.0726
102.01
107.256
113.376
108.87
112.606
106.258
99.0268
98.6485
100.898
89.9151
93.2215
104.446
94.2066
89.7009
107.139
106.746
108.844
106.43
98.5593
96.6934
99.0452
106.724
103.683
107.246
116.849
116.382
107.593
102.181
105.441
100.802
112.594
101.459
110.546
110.295
105.11
56.7344
92.4951
69.8559
110.611
113.317
107.515
90.8551
102.011
89.0396
103.232
99.9713
106.69
107.398
98.6567
101.502
91.0456
105.016
98.8713
115.838
117.958
108.53
108.432
105.748
102.085
106.344
102.442
106.073
103.863
94.7464
94.5042
95.4258
111.613
112.685
101.26
82.3215
102.112
110.629
85.6384
102.713
107.955
113.441
105.39
95.013
107.506
113.244
96.0466
113.593
95.8808
99.4548
106.42
95.436
107.358

76.7047
86.7453
83.8814
80.4229
84.9059
69.0863
58.2182
90.9694
87.6461
81.4442
82.7987
67.4442
88.1897
87.0847
79.7168
72.1273
81.5372
93.8324
95.8988
87.1556
93.1196
94.6926
80.2706
98.9884
82.0044
95.8162
99.3675
93.328
75.2475
97.9649
82.5936
102.919
104.203
88.608
102.431
94.2439
93.3594
105.651
100.171
100.754
102.14
103.794
103.968
78.0268
101.993
95.8702
99.8359
105.208
106.115
98.0826
87.0359
100.817
99.2139
90.0291
92.2213
77.3688
96.5067
90.8502
96.492
106.594
102.665
100.873
65.2853
100.871
96.5093
103.927
85.6002
99.613
101.724
93.6495
91.3507
91.3378
54.3353
84.8705
95.8486
104.987
105.666
102.697
95.7576
91.8955
97.1704
84.9071
101.612
104.941
95.0128
108.654
108.07
103.236
89.443
87.4934
78.856
97.3707
89.8811
100.586
104.402
100.804
96.6292
97.2154
107.874
103.947
104.99
105.126
107.78
103.412
86.8393
95.0841
99.5821
109.595
111.27
101.53
106.26
111.336
97.948
92.2351
106.085
106.418
98.3715
89.8364
108.493
111.143
112.304
112.248
109.307
96.0264
99.6554
94.9695
101.273
111.579
114.334
111.086
109.305
110.694
90.8469
109.686
108.674
104.236
108.176
102.639
101.375
105.914
82.3593
85.0463
98.3989
109.173
109.265
105.907
107.52
106.247
103.544
112.453
108.778
78.5624
103.58
114.116
115.553
107.797
95.0133
110.45
112.515
112.742
110.743
99.8253
105.196
101.087
88.6571
78.7653
103.921
103.285
114.522
110.204
106.682
104.949
86.9234
90.9891
110.172
109.333
111.652
100.585
103.642
110.595
118.678
119.805
116.742
108.501
109.459
111.321
104.078
114.095
103.192
104.078
76.6444
101.588
96.0087
82.4748
99.2394
111.846
106.815
107.51
113.146
104.936
96.5392
110.516
91.6033
65.7452
99.8272
111.886
102.587
108.913
104.781
98.9774
110.827
103.628
100.968
105.157
116.952
118.539
92.8639
110.726
110.034
114.479
97.7199
111.469
114.833
116.625
112.537
98.9524
109.467
114.916
107.451
104.095
105.063
95.2372
106.548
105.309
111.172
112.744
102.951
100.606
114.442
114.313
114.335
112.687
105.524
73.1199
101.429
91.7631
113.93
115.509
118.094
119.573
112.026
87.3066
107.846
113.171
113.388
109.738

86.2262
77.0978
74.8213
77.7517
75.4944
85.7404
87.8391
85.4418
94.3672
91.1887
84.4836
81.8385
93.7856
88.5341
88.8641
87.3378
69.732
96.3823
98.8265
97.6451
83.1889
100.215
76.7083
98.6325
96.6068
88.7269
101.29
97.8516
106.673
102.452
100.484
102.061
84.8711
104.7
105.281
92.6166
96.4467
103.053
104.414
68.6899
99.438
85.5368
90.6261
96.2325
69.8625
92.1655
101.79
77.5651
90.6278
94.2963
107.177
109.726
104.439
86.1792
74.1587
92.0424
88.4907
94.8653
96.8688
107.172
108.087
94.3111
102.797
105.851
101.408
61.5027
86.8573
88.7495
103.206
99.6191
90.1439
83.545
90.9185
108.052
108.661
68.9415
84.2235
93.365
107.094
110.704
108.358
107.059
98.6671
95.5369
94.9459
103.035
84.958
107.498
107.424
111.788
113.311
113.942
112.986
106.851
104.472
98.4597
104.879
85.2188
77.3133
104.028
105.639
85.6715
103.24
108.078
111.006
108.686
97.3608
108.244
105.325
84.7922
102.454
62.8652
100.118
99.4205
106.59
102.92
90.495
109.357
109.841
100.73
103.115
94.9694
105.263
100.62
110.052
98.9793
104.376
97.4646
99.4179
105.848
108.69
105.698
107.313
104.61
104.441
90.8861
104.003
106.687
102.71
109.038
112.699
106.975
94.8553
99.8998
101.766
104.779
105.901
108.264
95.7244
88.6904
77.6597
99.1334
104.103
89.7847
101.257
92.7898
102.042
98.3158
98.6666
88.4482
87.4311
87.6316
96.85
95.2028
87.0726
97.8997
103.808
104.533
102.834
101.23
101.964
111.191
110.248
105.209
94.947
107.986
105.728
103.978
102.672
96.652
105.386
111.403
111.304
111.987
111.012
101.419
109.2
112.594
114.65
115.258
88.0317
110.776
110.648
110.593
109.273
108.42
111.271
112.117
107.125
114.173
109.774
95.3888
111.354
108.132
100.865
113.125
114.411
109.891
100.94
103.671
104.828
98.3752
113.659
109.003
100.571
94.1049
99.2952
104.682
88.5845
99.2901
96.9895
80.4853
100.976
106.146
106.914
86.1693
100.945
105.198
99.4534
107.383
102.437
100.022
114.958
115.698
115.038
103.53
93.2722
106.064
104.908
109.29
114.525
113.145
87.8744
108.619
111.271
83.4936
109.074
96.8195
107.158
100.86
87.5351
97.3523
98.1274
101.936
115.722
117.525

95.5595
92.7166
90.1648
72.6756
75.7475
84.774
85.2509
89.1173
96.1806
96.1868
90.4077
82.5419
81.9828
81.4052
94.3407
94.0928
88.8029
93.6597
97.3326
86.3977
71.4117
86.4835
99.0153
103.055
77.001
104.707
101.704
88.3877
98.4655
70.503
98.1727
94.5325
92.6398
87.8171
54.6887
92.3836
101.645
92.2954
91.9712
78.0565
88.3155
94.9935
95.38
77.6466
81.9479
91.9696
101.13
105.209
109.18
104.874
94.7756
103.054
101.272
92.5882
104.179
103.163
100.228
100.496
88.802
102.13
104.018
89.9631
100.093
91.6956
69.907
95.8898
101.013
93.3671
90.7371
102.973
86.2333
106.797
99.531
95.0235
100.322
90.9534
101.403
79.6931
106.549
102.923
98.8411
101.823
96.4905
98.8296
99.2866
109.05
106.669
92.0432
92.0288
90.4265
95.5523
71.8333
102.978
97.7145
96.8935
97.4332
104.063
103.864
89.3315
96.9169
108.995
100.271
108.815
111.052
81.3208
109.681
83.6412
103.069
94.5688
110.875
107.283
104.482
106.592
106.87
106.142
103.816
113.114
110.065
97.6651
112.673
113.759
110.883
103.572
92.7335
89.3404
103.384
101.499
99.5381
101.862
109
105.042
108.524
112.112
108.34
91.0865
103.728
109.606
111.073
98.8528
105.244
98.6416
108.129
113.867
113.152
102.232
99.1236
97.0325
107.275
115.876
114.385
100.032
108.949
92.6295
102.144
107.057
109.84
95.9128
103.422
112.116
109.863
99.767
103.598
100.682
102.994
104.256
108.775
101.567
109.149
109.791
104.997
95.8073
102.128
104.665
101.488
106.434
108.398
103.695
109.054
86.7416
97.8669
92.8532
99.7582
100.818
103.012
92.8263
92.7453
106.441
105.154
72.1764
105.038
109.899
99.4928
113.68
108.615
101.652
110.698
112.462
109.292
95.2232
112.319
106.951
108.346
110.675
105.849
90.6379
101.51
113.746
114.135
103.56
111.369
108.903
110.524
96.2621
107.797
99.0987
96.0231
100.153
87.4589
64.2194
91.5529
82.809
108.362
112.901
87.0011
115.065
116.267
103.187
109.795
110.812
105.7
106.31
104.805
106.242
94.1224
95.4428
106.566
111.975
109.526
114.605
114.245
92.884
108.843
111.643
108.628
91.6966
84.185
99.3094
94.5471
93.9371
99.492
99.3624
77.0117
109.023
76.1119
101.079
97.7374

49.2161
74.5498
92.2641
92.462
87.5192
81.1363
77.7532
84.0938
93.9748
97.6703
95.3331
81.612
102.087
103.017
100.775
102.216
98.6162
81.6934
80.1529
83.3654
94.6881
102.128
100.427
89.5186
94.9228
96.8466
92.518
91.7909
89.7932
90.1154
97.2864
88.9113
88.6157
96.1516
99.6535
81.8597
93.2907
98.113
101.31
99.6843
99.2
96.5224
79.6986
100.884
104.845
89.0244
102.818
98.5138
94.1329
88.5184
104.812
103.534
94.1094
88.7002
91.2132
103.149
105.548
91.8899
99.1515
104.574
103.401
105.373
85.5114
102.78
97.3651
87.2206
93.6691
103.15
104.942
96.9964
105.719
89.2294
101.553
96.6427
84.9221
107.821
105.989
93.772
108.016
84.3573
103.484
78.5089
99.3219
92.1803
101.318
103.992
92.9824
90.6759
101.701
88.2154
102.734
105.942
102.6
95.1166
102.85
109.594
93.8243
108.202
104.396
104.684
101.493
98.4727
103.402
112.279
107.196
97.9401
101.694
88.9893
90.1207
109.326
100.625
110.098
96.1767
103.616
107.453
109.435
105.693
87.421
99.0729
95.0669
98.3174
101.017
109.761
115.543
102.772
95.4309
90.6176
97.3308
97.838
104.867
103.599
95.726
105.099
111.811
107.879
104.22
112.234
111.772
105.725
80.1568
99.5137
100.748
101.248
102.309
110.123
102.634
81.3504
95.3445
83.6787
88.6716
109.856
114.689
102.809
106.962
103.574
112.146
101.017
105.632
109.121
109.511
108.013
104.974
109.302
112.678
105.315
111.364
111.18
94.8253
89.8883
78.437
104.226
110.531
99.4118
103.563
98.6246
92.8437
104.235
110.267
116.373
106.083
105.865
104.006
101.441
92.5359
101.628
112.116
106.487
105.089
102.544
107.082
105.136
104.593
93.7434
99.3046
89.1994
106.027
102.104
86.1607
99.4655
102.431
106.741
108.239
108.553
105.204
97.7917
104.768
105.677
108.75
103.82
100.333
111.345
106.289
97.9594
94.3754
97.25
93.1399
111.611
113.471
105.324
107.548
95.2423
89.5773
104.563
97.9277
111.467
99.6626
111.596
109.527
104.347
114.402
106.17
110.056
111.045
96.5642
87.3846
94.2533
101.425
111.547
109.262
108.601
108.299
100.288
108.925
111.736
106.476
103.462
103.485
114.253
117.059
86.3088
101.114
111.252
107.063
99.6871
104.114
88.5231

82.1409
48.8481
81.7111
71.3496
71.3425
90.1683
87.883
89.0945
93.4415
89.7334
79.1588
88.8154
95.42
95.6387
89.6498
81.0441
75.3167
89.707
91.3661
97.302
85.679
77.0864
97.6955
103.715
100.915
60.336
91.5187
92.0309
88.5329
98.1496
101.073
94.081
88.473
100.986
95.1203
66.108
96.3837
81.6415
101.023
103.852
97.9394
104.907
104.912
84.0123
101.641
106.476
95.1242
94.4963
99.0394
92.0305
81.2418
91.4947
86.9425
89.9585
105.093
107.05
102.54
92.9607
96.9322
102.01
99.7227
72.5394
91.5254
101.576
103.485
103.13
96.7026
105.617
94.677
86.9755
92.263
81.4996
100.504
92.4552
101.31
109.732
108.001
106.261
76.4575
100.892
107.265
107.141
101.439
102.508
98.2195
81.8973
95.5284
103.039
95.9455
95.9776
92.3303
95.1328
105.473
101.875
100.636
95.0391
104.792
103.499
91.7109
85.2465
107.698
105.223
101.788
94.8205
105.545
74.7389
106.17
45.1953
75.889
100.862
99.7762
103.232
103.143
99.7862
103.058
102.211
94.8879
99.0913
104.495
104.868
99.3774
103.947
107.7
106.63
82.3861
112.318
109.71
88.2022
84.419
99.6598
110.314
112.774
102.624
93.5062
97.0635
104.957
107.272
96.5618
108.642
105.071
82.1404
86.8981
105.338
112.158
113.871
110.17
98.3726
97.2533
82.745
86.4194
100.639
101.803
102.436
114.774
110.377
98.53
103.813
112.017
106.362
94.3449
82.5655
52.9001
97.2975
93.0643
89.0493
91.654
94.4272
105.727
107.429
108.928
113.227
109.538
108.508
114.844
109.277
111.486
112.041
93.6166
102.193
84.3823
114.71
109.874
95.541
111.958
104.807
102.973
103.315
108.87
110.002
111.109
110.676
112.022
109.785
108.926
114.567
116.398
111.856
102.03
114.669
114.787
111.324
115.417
115.41
113.038
101.094
105.125
108.06
103.703
110.165
110.486
96.6846
98.5272
112.094
103.462
95.8022
105.45
110.364
112.119
107.691
111.467
104.921
102.302
99.1051
93.4703
104.275
113.435
101.434
82.3496
88.23
96.4762
101.613
103.715
96.5798
102.319
109.65
115.398
113.292
111.071
109.61
101.817
113.265
102.493
112.227
114.442
108.784
94.9495
94.8323
113.513
115.663
93.0813
94.3456
97.6301
90.5571
99.3885
109.008
115.422

91.6288
88.2422
82.2025
92.1007
79.8982
82.6407
78.137
86.8094
77.7327
94.8805
85.2354
92.3371
83.7533
77.5317
63.2757
90.6644
88.1717
81.0634
75.1905
94.198
99.4467
91.3732
92.726
93.4078
89.8102
90.0682
91.8802
101.317
101.4
72.7373
90.6555
74.0515
83.7701
71.0833
64.7451
93.5889
95.8942
91.6466
98.3032
101.99
92.0542
85.6949
79.3131
94.3566
107.258
106.175
85.9883
94.5737
107.451
104.935
90.5382
95.4201
100.332
92.1416
102.688
92.2241
103.634
107.619
105.527
98.1125
70.5754
84.8569
94.7056
71.1762
105.777
106.655
81.0112
56.9779
87.861
77.0805
99.2171
92.1184
94.8538
76.5407
78.5506
98.1704
102.944
87.8293
101.379
72.3651
88.3502
97.4881
100.246
107.114
103.268
102.315
111.103
106.504
83.5105
94.6105
84.0206
102.98
110.609
99.4884
87.1945
104.514
109.256
112.655
93.9622
98.7002
102.988
105.394
102.734
108.322
99.4492
93.8545
107.083
102.104
100.675
107.491
111.796
106.241
84.4074
93.8912
82.4966
100.367
107.519
108.998
80.9512
22.9812
104.57
106.545
108.109
64.1062
91.2283
99.89
99.0094
94.6552
95.4643
97.0033
106.925
108.189
96.4282
74.2104
111.276
108.867
100.624
109.853
102.154
93.0144
100.262
107.324
100.63
105.148
70.5419
90.6145
95.595
92.0545
101.017
101.983
103.436
100.656
93.4154
100.086
110.906
103.78
81.1488
98.5581
97.5858
94.8526
106.037
110.175
93.4138
109.903
92.7383
113.051
106.751
104.698
98.5147
106.129
105.518
109.992
103.16
108.312
113.29
116.257
117.078
110.966
99.6585
105.168
99.5737
94.7787
108.09
101.192
94.9064
91.9129
101.262
100.284
102.719
106.498
109.073
111.601
106.01
96.3379
95.3391
103.603
109.735
102.133
105.002
110.044
89.3664
109.481
104.894
110.583
109.303
105.872
102.259
109.908
97.5801
103.8
99.2532
112.088
115.635
114.493
108.394
107.333
99.5495
110.448
105.685
102.798
91.3674
113.55
114.714
113.84
112.193
106.903
106.507
112.994
113.691
109.132
107.093
101.86
86.3599
104.894
108.947
111.699
116.767
105.429
116.748
119.626
117.504
103.594
116.174
117.778
108.764
103.75
112.205
104.944
112.91
115.553
110.234
104.868
109.489
111.457
110.852
109.354

77.6714
70.1968
64.8346
85.8864
87.2735
70.5075
66.7454
82.8786
65.3259
80.4797
53.7047
76.0463
81.9599
88.4644
85.2923
94.9166
91.1776
68.7546
98.3308
98.4842
103.366
106.017
99.4915
85.306
80.752
93.5043
100.602
98.023
100.113
92.9865
85.3194
83.061
97.0187
95.5377
88.6347
95.8209
104.099
96.6365
75.8404
100.025
107.165
108.151
105.611
96.2854
102.042
77.404
83.6956
103.208
105.16
96.8109
86.6072
103.45
102.592
95.8422
97.0816
98.1778
95.908
95.9062
103.626
105.552
101.735
93.6553
85.3565
105.966
104.227
88.2411
95.4146
103.642
102.07
94.1622
88.0557
93.7095
102.743
105.662
97.0158
81.2524
102.899
102.617
106.843
91.3396
111.595
111.751
96.571
71.513
100.656
107.875
106.584
93.5387
109.651
112.579
95.5676
82.4477
107.599
102.886
92.4578
94.3212
97.2777
93.0689
90.9896
90.2832
109.066
105.333
108.885
108.683
65.6509
104.793
92.3139
70.0192
101.296
93.648
99.5153
100.627
97.9345
105.945
101.793
103.473
108.726
84.4844
109.579
88.1537
109.813
109.328
102.329
109.136
106.678
108.3
89.4071
103.273
88.7437
73.5049
100.372
83.1506
95.6789
106.271
108.246
97.4251
95.2028
101.89
103.359
93.7048
101.558
101.506
111.711
112.991
92.5337
104.547
99.8807
92.1679
97.79
90.4007
88.994
105.183
91.8879
104.995
100.812
95.3265
107.887
109.48
107.983
80.2333
109.771
106.617
89.7646
95.1057
83.1559
92.3474
103.899
109.661
57.039
111.144
106.817
106.907
114.408
115.805
103.446
112.069
113.223
103.889
110.758
116.274
113.598
99.1042
97.9871
106.175
107.65
104.114
107.238
107.727
103.423
97.13
82.4588
88.8438
84.9408
103.653
111.207
110.374
111.868
112.733
110.267
94.3949
111.17
114.723
102.829
104.232
108.029
117.248
99.9622
113.195
117.058
100.316
108.201
100.272
103.808
101.312
105.851
114.216
104.933
86.9827
110.425
110.892
101.194
91.9619
103.854
99.2565
89.9807
109.742
112.994
112.472
106.691
96.3732
107.717
109.272
88.5115
109.95
94.0788
107.149
94.7521
111.418
113.578
104.702
98.1231
112.557
109.452
103.85
99.4517
95.1639
104.843
99.5616
102.649
114.279
118.771
118.247
114.647
115.697
116.573
113.695

90.9162
86.17
74.2779
63.4894
74.8186
83.7334
92.4569
93.5578
85.099
81.1037
81.6363
64.8854
94.0101
89.4364
96.0944
97.829
86.3893
89.2492
84.6183
92.5327
96.388
97.1602
87.9232
95.8014
95.1038
93.5662
96.7431
100.894
98.8178
96.1629
80.7483
96.1564
103.62
97.1502
64.4095
99.5765
99.1463
84.7715
93.3239
93.8329
99.2799
96.0494
97.5264
102.005
110.366
112.428
110.068
103.13
82.0766
55.564
101.858
101.399
97.3063
97.431
102.638
93.4737
94.9501
87.0945
87.1809
98.4317
95.5233
89.1617
97.6723
94.3621
96.5863
96.0266
94.3724
90.6431
103.678
107.445
105.198
102.323
94.6611
99.9111
97.0026
102.95
103.079
94.4
108.712
112.487
111.691
108.14
97.9229
99.3971
76.3646
85.6608
104.015
102.398
107.182
112.648
114.317
112.508
105.353
79.4885
91.9747
95.6999
104.981
102.198
104.665
106.227
108.19
110.396
108.137
111.358
112.229
109.472
105.064
98.0604
94.7904
76.2631
95.9097
101.68
111.342
111.733
105.352
105.838
107.308
105.005
89.8783
90.4227
102.092
103.396
90.258
88.7759
95.5402
101.78
89.6252
105.951
107.63
100.91
105.553
97.3787
107.356
102.435
100.425
101.353
95.335
85.1693
89.4761
98.8182
72.5638
107.317
95.4547
89.0166
103.562
111.245
117.108
116.02
102.409
92.2466
101.366
86.3808
90.8971
84.3569
100.194
105.825
112.435
97.5994
109.437
106.86
102.935
89.4648
103.98
101.295
108.202
114.827
113.529
93.0843
102.979
91.4256
99.2449
98.3311
108.583
109.862
103.186
107.027
114.405
115.949
99.1024
106.367
114.624
114.33
98.7108
99.6612
109.35
99.6502
98.6633
110.015
94.2803
108.828
114.416
117.07
117.689
112.123
98.8141
101.684
62.2126
108.845
106.131
101.19
80.0038
95.6134
101.479
105.915
91.2852
113.707
112.919
91.2121
104.779
84.4005
106.72
100.275
111.291
108.316
112.152
81.4114
107.746
100.624
66.6602
110.968
117.144
113.328
107.493
96.4255
107.561
98.6807
113.132
114.384
113.704
110.794
81.9094
109.784
112.372
109.234
87.8292
87.1381
107.082
104.354
97.2884
104.129
81.843
83.0379
113.804
115.63
106.029
112.866
102.763
82.0808
93.8674
81.2993
105.18
108.465
94.0726
106.935
103.881
115.311

