86.7787
56.8155
56.9898
58.0887
59.3129
59.9359
60.9213
62.216
63.0916
63.5961
64.1976
64.8223
65.4489
65.8229
66.1734
66.7554
67.6306
67.8347
67.913
69.1688
70.0885
70.3905
70.9036
71.2772
70.8133
71.1391
71.5787
72.4202
72.413
72.4131
73.0192
73.0569
73.511
73.5688
73.8067
74.0985
74.7548
74.9437
75.3411
75.1936
75.2529
75.7652
75.7964
76.2098
76.2713
76.4676
76.3779
76.357
76.4171
76.9455
77.2669
77.0422
77.4876
77.8077
77.8278
77.6556
78.2763
78.411
78.6264
78.7406
78.0127
78.5725
78.8095
79.3884
79.0553
78.8049
79.426
79.5493
79.362
79.8358
80.2677
80.4528
80.3504
80.1573
80.0873
80.4263
80.1964
80.3847
80.839
80.518
80.819
81.1264
80.8435
81.1574
81.2769
81.4669
81.7593
81.9461
81.5467
81.5366
81.5255
81.6339
82.4212
82.473
82.0213
82.1798
82.6047
82.2908
82.7263
82.7563
82.1989
82.0682
82.6927
83.2946
83.3045
82.6621
82.3885
82.5686
82.8499
83.074
82.7698
83.0624
83.0232
83.235
83.601
83.8022
83.613
83.5453
83.5286
83.7246
84.0507
83.8895
83.7038
83.6672
83.8726
84.3597
83.9049
84.2123
84.0952
84.2672
84.369
84.3655
84.7211
84.6264
84.3257
84.5134
84.5957
84.9347
84.7946
85.0847
85.1731
84.5617
84.7688
84.7017
85.0009
84.9572
85.0171
85.4244
85.1769
85.0948
85.3518
85.302
84.9031
85.3381
85.7312
85.3545
85.5305
85.3283
85.6067
85.5752
85.5403
85.8467
85.9589
85.623
85.4641
85.3577
85.8559
86.2371
85.7678
85.6288
85.4393
85.8088
86.1436
86.2535
85.9682
85.9769
86.5782
86.6524
86.363
85.9529
85.7522
85.5652
85.8507
86.0363
86.2523
86.2814
86.4503
86.6078
86.7811
86.5259
86.2605
86.2828
86.2591
86.6453
86.6593
86.3994
86.8008
86.8172
86.8433
86.6463
86.8437
86.7655
86.2304
86.8963
87.1359
86.9899
86.7564
86.7762
86.6505
86.6835
86.547
86.4554
86.9967
87.2621
86.7033
86.6621
86.6735
86.6729
86.8338
86.9368
86.7404
86.8437
86.9581
86.6876
86.3293
86.9656
87.1609
87.1973
87.1583
86.9906
86.7922
86.8387
87.0715
87.2793
87.0443
87.3577
87.132
86.8678
87.2156
87.4612
86.8372
87.0279
87.056
86.6867
86.875
87.1593
87.1588
86.7687
86.6626
87.1423
86.8928
86.9333
86.9521
86.8719
87.1544
86.9429
-5.37407
-7.92767
-8.28629
-8.09873
-7.94115
-8.23199
-8.32423
-7.96893
-7.89346
-8.20936
-8.40266
-8.45279
-8.50594
-8.75716
-8.97704
-8.95647
-8.61861
-8.85902
-9.30634
-8.47132
-7.97448
-8.06514
-7.92989
-7.94884
-8.73624
-8.79091
-8.66758
-8.13474
-8.44878
-8.75175
-8.4134
-8.67935
-8.46955
-8.68546
-8.68274
-8.65017
-8.22999
-8.27762
-8.07869
-8.47132
-8.61006
-8.31218
-8.48487
-8.26347
-8.39216
-8.39609
-8.65741
-8.86424
-8.98061
-8.63367
-8.4659
-8.85975
-8.59083
-8.4074
-8.54966
-8.87557
-8.41342
-8.41304
-8.35875
-8.36197
-9.2389
-8.81836
-8.71367
-8.26978
-8.71748
-9.10415
-8.61482
-8.60501
-8.91592
-8.56403
-8.24795
-8.17809
-8.3852
-8.69881
-8.88163
-8.63737
-8.98347
-8.89985
-8.54915
-8.96068
-8.77735
-8.55769
-8.94257
-8.7196
-8.69917
-8.60339
-8.40072
-8.30126
-8.79336
-8.88882
-8.98197
-8.97142
-8.26369
-8.29337
-8.82776
-8.75055
-8.40532
-8.79959
-8.44595
-8.48108
-9.12661
-9.32375
-8.78422
-8.24637
-8.31118
-9.0247
-9.36849
-9.25627
-9.04698
-8.88748
-9.25746
-9.03259
-9.14149
-8.98944
-8.69572
-8.54527
-8.80563
-8.92601
-9.00716
-8.87163
-8.60269
-8.82629
-9.06472
-9.16168
-9.01278
-8.58131
-9.0864
-8.84004
-9.00286
-8.89014
-8.83833
-8.89529
-8.59304
-8.72898
-9.08338
-8.948
-8.91204
-8.62006
-8.80832
-8.56833
-8.51925
-9.17825
-9.02074
-9.12819
-8.8754
-8.95921
-8.94756
-8.57786
-8.86755
-8.9906
-8.77679
-8.8624
-9.3061
-8.9111
-8.55205
-8.96968
-8.83261
-9.06968
-8.8302
-8.89394
-8.96295
-8.69728
-8.61724
-8.98901
-9.18359
-9.32187
-8.85894
-8.51068
-9.0095
-9.17993
-9.39824
-9.06455
-8.76036
-8.6759
-8.9958
-9.01478
-8.44253
-8.39514
-8.70674
-9.15056
-9.37374
-9.59146
-9.335
-9.17204
-8.97906
-8.97801
-8.83325
-8.69796
-8.55261
-8.82845
-9.11756
-9.11581
-9.16916
-8.79534
-8.80581
-9.09062
-8.71024
-8.71126
-8.70844
-8.92175
-8.74162
-8.83942
-9.39715
-8.74575
-8.5224
-8.68892
-8.94314
-8.93315
-9.07872
-9.05812
-9.21524
-9.31751
-8.79373
-8.54488
-9.11325
-9.17226
-9.17524
-9.18827
-9.03767
-8.94887
-9.15515
-9.06336
-8.96123
-9.24114
-9.61291
-8.98555
-8.80222
-8.77226
-8.82313
-8.99846
-9.20825
-9.16882
-8.94173
-8.744
-8.98569
-8.6776
-8.91258
-9.18368
-8.84148
-8.60055
-9.23154
-9.04274
-9.02103
-9.39325
-9.21249
-8.93178
-8.93581
-9.33015
-9.43508
-8.96051
-9.21195
-9.17322
-9.15215
-9.23622
-8.95603
-9.16543
